objective:
  - Bilevel Optimization[model=multilogreg,n_reg=full,numba=False,reg=exp,task=classif]
dataset:
  - covtype
solver:
  - SABA[batch_size=64,eval_freq=32,outer_ratio=0.01,step_size=0.125]
  - AmIGO[batch_size=64,eval_freq=32,n_inner_step=10,outer_ratio=0.01,step_size=0.125]
  - StocBiO[batch_size=64,eval_freq=32,n_inner_step=10,n_shia_steps=10,outer_ratio=0.630957344480193,step_size=0.25]
  - MRBO[batch_size=64,eta=0.5,eval_freq=32,n_hia_step=10,outer_ratio=0.15848931924611134,step_size=2.0]
  - BiO-SARAH[batch_size=[64],period_frac=[0.25, 0.5, 1.0, 2.0, 4.0, 8.0],eval_freq=[32],step_size=[0.03125, 0.0625, 0.125, 0.25, 0.5, 1.0, 2.0, 4.0, 8.0],outer_ratio=[0.01, 0.039810717055349734, 0.15848931924611134, 0.630957344480193, 2.5118864315095797, 10.0]]
  - BiO-SVRG[batch_size=[64],period_frac=[0.25, 0.5, 1.0, 2.0, 4.0, 8.0],eval_freq=[32],step_size=[0.03125, 0.0625, 0.125, 0.25, 0.5, 1.0, 2.0, 4.0, 8.0],outer_ratio=[0.01, 0.039810717055349734, 0.15848931924611134, 0.630957344480193, 2.5118864315095797, 10.0]]
n-repetitions: 10
max-runs: 64000
timeout: 3000
output: covtype_sarah_svrg
