objective:
  - Bilevel Optimization[model=None,n_reg=full,numba=False,reg=exp,task=datacleaning]
dataset:
  - mnist[ratio=0.7]
solver:
  - AmIGO[batch_size=64,eval_freq=32,n_inner_step=10,outer_ratio=3.1622776601683795e-05,step_size=0.01]
  - StocBiO[batch_size=64,eval_freq=32,n_inner_step=10,n_shia_steps=10,outer_ratio=0.0031622776601683794,step_size=0.03162277660168379]
  - SABA[batch_size=64,eval_freq=32,outer_ratio=3.1622776601683795e-05,step_size=0.01]
  - BiO-SARAH[batch_size=[64],period_frac=[0.25, 0.5, 0.75, 1, 1.25, 1.5, 1.75, 2],eval_freq=[32],step_size=[0.001, 0.0031622776601683794, 0.01, 0.03162277660168379, 0.1, 0.31622776601683794, 1.0, 3.1622776601683795, 10.0, 31.622776601683793, 100.0],outer_ratio=[1e-05, 3.1622776601683795e-05, 0.0001, 0.00031622776601683794, 0.001, 0.0031622776601683794, 0.01, 0.03162277660168379, 0.1, 0.31622776601683794, 1.0]]
  - BiO-SVRG[batch_size=[64],period_frac=[0.25, 0.5, 0.75, 1, 1.25, 1.5, 1.75, 2],eval_freq=[32],step_size=[0.001, 0.0031622776601683794, 0.01, 0.03162277660168379, 0.1, 0.31622776601683794, 1.0, 3.1622776601683795, 10.0, 31.622776601683793, 100.0],outer_ratio=[1e-05, 3.1622776601683795e-05, 0.0001, 0.00031622776601683794, 0.001, 0.0031622776601683794, 0.01, 0.03162277660168379, 0.1, 0.31622776601683794, 1.0]]
n-repetitions: 10
max-runs: 64000
timeout: 7200
output: datacleaning0_7_sarah_svrg
