objective:
  - Bilevel Optimization
dataset:
  - ijcnn1
solver:
  - AmIGO[batch_size=64,eval_freq=8192,n_inner_steps=10,outer_ratio=[0.01, 0.03162277660168379, 0.1, 0.31622776601683794, 1.0],step_size=[0.125, 0.25, 0.5, 1.0, 2.0],random_state=[1, 2, 3, 4, 5, 6, 7, 8, 9, 10],framework=numba]   # 5 * 5 * 10 = 250
  - StocBiO[batch_size=64,eval_freq=8192,n_inner_steps=10,n_shia_steps=10,outer_ratio=[0.01, 0.03162277660168379, 0.1, 0.31622776601683794, 1.0],step_size=[0.125, 0.25, 0.5, 1.0, 2.0],random_state=[1, 2, 3, 4, 5, 6, 7, 8, 9, 10],framework=numba]  # 5 * 5 * 10 = 250
  - SABA[batch_size=64,eval_freq=32768,outer_ratio=[0.01, 0.03162277660168379, 0.1, 0.31622776601683794, 1.0],step_size=[0.125, 0.25, 0.5, 1.0, 2.0],random_state=[1, 2, 3, 4, 5, 6, 7, 8, 9, 10],framework=numba]  # 5 * 5 * 10 = 250
  - MRBO[batch_size=64,eta=0.5,eval_freq=32768,n_shia_steps=10,outer_ratio=[0.01, 0.03162277660168379, 0.1, 0.31622776601683794, 1.0],step_size=[0.125, 0.25, 0.5, 1.0, 2.0],random_state=[1, 2, 3, 4, 5, 6, 7, 8, 9, 10],framework=numba]  # 5 * 5 * 10 = 250
  - SRBA[batch_size=64,period_frac=[0.5,8.,64.,512.],eval_freq=32768,step_size=[0.125, 0.25, 0.5, 1.0, 2.0],outer_ratio=[0.01, 0.03162277660168379, 0.1, 0.31622776601683794, 1.0],random_state=[1, 2, 3, 4, 5, 6, 7, 8, 9, 10],framework=numba]  # 4 * 5 * 5 * 10 = 1000
  - VRBO[batch_size=64,period_frac=[.01,.1,.5,8.,64.,512.],n_shia_steps=10,eval_freq=128,step_size=[0.0625, 0.03125, 0.125, 0.25, 0.5],outer_ratio=[0.01, 0.03162277660168379, 0.1, 0.31622776601683794, 1.0],random_state=[1, 2, 3, 4, 5, 6, 7, 8, 9, 10],framework=numba]  # 6 * 5 * 5 * 10 = 1500
n-repetitions: 1
max-runs: 1500
timeout: 1200
output: ijcnn1
