objective:
  - Bilevel Optimization[model=logreg,n_reg=full,numba=True,reg=exp,task=classif]
dataset:
  - ijcnn1
solver:
  - AmIGO[batch_size=64,eval_freq=131072,n_inner_step=10,outer_ratio=0.31622776601683794,step_size=0.125]
  - StocBiO[batch_size=64,eval_freq=131072,n_inner_step=10,n_shia_steps=10,outer_ratio=0.31622776601683794,step_size=0.5]
  - SABA[batch_size=64,eval_freq=131072,outer_ratio=1.0,step_size=0.25]
  - MRBO[batch_size=64,eta=0.5,eval_freq=131072,n_hia_step=10,outer_ratio=0.03162277660168379,step_size=1.0]
  - BiO-SARAH[batch_size=[64],period_frac=[0.25, 0.5, 1, 5, 10],eval_freq=[131072],step_size=[0.03125, 0.0625, 0.125, 0.25, 0.5, 1.0, 2.0, 4.0, 8.0],outer_ratio=[0.01, 0.039810717055349734, 0.15848931924611134, 0.630957344480193, 2.5118864315095797, 10.0]]
  - BiO-SVRG[batch_size=[64],period_frac=[0.25, 0.5, 1, 5, 10],eval_freq=[131072],step_size=[0.03125, 0.0625, 0.125, 0.25, 0.5, 1.0, 2.0, 4.0, 8.0],outer_ratio=[0.01, 0.039810717055349734, 0.15848931924611134, 0.630957344480193, 2.5118864315095797, 10.0]]
n-repetitions: 10
max-runs: 1500
timeout: 8000
output: ijcnn1_sarah_svrg
