objective:
  - Bilevel Optimization[model=logreg,n_reg=full,numba=True,reg=exp,task=classif]
dataset:
  - ijcnn1
solver:
  - AmIGO[batch_size=[64],n_inner_step=[10],eval_freq=[131072],step_size=[0.03125, 0.0625, 0.125, 0.25, 0.5, 1.0, 2.0, 4.0, 8.0],outer_ratio=[0.01, 0.03162277660168379, 0.1, 0.31622776601683794, 1.0, 3.1622776601683795, 10.0]]
  - BSA[batch_size=[64],n_inner_step=[10],n_hia_step=[10],eval_freq=[131072],step_size=[0.03125, 0.0625, 0.125, 0.25, 0.5, 1.0, 2.0, 4.0, 8.0],outer_ratio=[0.01, 0.03162277660168379, 0.1, 0.31622776601683794, 1.0, 3.1622776601683795, 10.0]]
  - FSLA[batch_size=[64],eval_freq=[131072],step_size=[0.03125, 0.0625, 0.125, 0.25, 0.5, 1.0, 2.0, 4.0, 8.0],outer_ratio=[0.01, 0.03162277660168379, 0.1, 0.31622776601683794, 1.0, 3.1622776601683795, 10.0]]
  - MRBO[batch_size=[64],n_hia_step=[10],eta=[0.5],eval_freq=[131072],step_size=[0.03125, 0.0625, 0.125, 0.25, 0.5, 1.0, 2.0, 4.0, 8.0],outer_ratio=[0.01, 0.03162277660168379, 0.1, 0.31622776601683794, 1.0, 3.1622776601683795, 10.0]]
  - SABA[batch_size=[64],eval_freq=[131072],step_size=[0.03125, 0.0625, 0.125, 0.25, 0.5, 1.0, 2.0, 4.0, 8.0],outer_ratio=[0.01, 0.03162277660168379, 0.1, 0.31622776601683794, 1.0, 3.1622776601683795, 10.0]]
  - SOBA[batch_size=[64, 'full'],eval_freq=[131072],step_size=[0.03125, 0.0625, 0.125, 0.25, 0.5, 1.0, 2.0, 4.0, 8.0],outer_ratio=[0.01, 0.03162277660168379, 0.1, 0.31622776601683794, 1.0, 3.1622776601683795, 10.0]]
  - StocBiO[batch_size=[64],n_inner_step=[10],n_shia_steps=[10],eval_freq=[131072],step_size=[0.03125, 0.0625, 0.125, 0.25, 0.5, 1.0, 2.0, 4.0, 8.0],outer_ratio=[0.01, 0.03162277660168379, 0.1, 0.31622776601683794, 1.0, 3.1622776601683795, 10.0]]
  - SUSTAIN[batch_size=[64],n_hia_step=[10],eta=[0.5],eval_freq=[131072],step_size=[0.03125, 0.0625, 0.125, 0.25, 0.5, 1.0, 2.0, 4.0, 8.0],outer_ratio=[0.01, 0.03162277660168379, 0.1, 0.31622776601683794, 1.0, 3.1622776601683795, 10.0]]
  - TTSA[batch_size=[64],n_hia_step=[10],eval_freq=[131072],step_size=[0.03125, 0.0625, 0.125, 0.25, 0.5, 1.0, 2.0, 4.0, 8.0],outer_ratio=[0.01, 0.03162277660168379, 0.1, 0.31622776601683794, 1.0, 3.1622776601683795, 10.0]]
  - BiO-SARAH[batch_size=[64],period_frac=[0.25, 0.5, 1.0, 2.0, 4.0, 8.0],eval_freq=[131072],step_size=[0.03125, 0.0625, 0.125, 0.25, 0.5, 1.0, 2.0, 4.0, 8.0],outer_ratio=[0.01, 0.03162277660168379, 0.1, 0.31622776601683794, 1.0, 3.1622776601683795, 10.0]]
  - BiO-SVRG[batch_size=[64],period_frac=[0.25, 0.5, 1.0, 2.0, 4.0, 8.0],eval_freq=[131072],step_size=[0.03125, 0.0625, 0.125, 0.25, 0.5, 1.0, 2.0, 4.0, 8.0],outer_ratio=[0.01, 0.03162277660168379, 0.1, 0.31622776601683794, 1.0, 3.1622776601683795, 10.0]]
n-repetitions: 10
max-runs: 1500
timeout: 8000
output: ijcnn1
